-255.608
-255.608
-3332.12
-6478.9
-6604.66
-14480.9
-14480.9
-26209.3
-55055.7
-69219.9
-69219.9
-62822.2
-62822.2
-83789
-83789
-116494
-118704
-132996
-132996
-162294
-162294
-327326
-528532
-812322
-832884
-903152
-918728
-946562
-946562
-983754
-1.00337e+06
-998405
-1.00159e+06
-1.01798e+06
-1.00663e+06
-993359
-981081
-956600
-997410
-950802
-992000
-1.00008e+06
-1.00876e+06
-801448
-801448
-845648
-852895
-946286
-918059
-916329
-1.02385e+06
-1.01111e+06
-1.00791e+06
-1.1485e+06
-1.1485e+06
-1.19794e+06
-1.2246e+06
-1.34006e+06
-1.55219e+06
-1.5123e+06
-1.53389e+06
-1.79652e+06
-1.89234e+06
-1.89234e+06
-2.02456e+06
-2.173e+06
-2.23223e+06
-2.47873e+06
-2.47873e+06
-2.3405e+06
-2.37582e+06
-2.09402e+06
-2.03229e+06
-1.92345e+06
-1.92345e+06
-1.47081e+06
-1.47081e+06
-1.29828e+06
-1.73706e+06
-1.73706e+06
-1.02008e+06
-620074
-566605
-52729.9
-52729.9
237641
480442
671969
894986
1.03202e+06
1.22222e+06
1.40778e+06
1.82557e+06
1.63066e+06
1.73614e+06
1.8167e+06
1.80877e+06
3.068e+06
3.068e+06
3.31897e+06
3.69261e+06
