-2.41728e-16
-0.123944
-0.247398
-0.369876
-0.490894
-0.609975
-0.726649
-0.840455
-0.950944
-1.05768
-1.16024
-1.25822
-1.35124
-1.43893
-1.52093
-1.59694
-1.66664
-1.72976
-1.78606
-1.83531
-1.87731
-1.91191
-1.93896
-1.95836
-1.97003
-1.97392
-1.97003
-1.95836
-1.93896
-1.91191
-1.87731
-1.83531
-1.78606
-1.72976
-1.66664
-1.59694
-1.52093
-1.43893
-1.35124
-1.25822
-1.16024
-1.05768
-0.950944
-0.840455
-0.726649
-0.609975
-0.490894
-0.369876
-0.247398
-0.123944
2.75391e-15
0.123944
0.247398
0.369876
0.490894
0.609975
0.726649
0.840455
0.950944
1.05768
1.16024
1.25822
1.35124
1.43893
1.52093
1.59694
1.66664
1.72976
1.78606
1.83531
1.87731
1.91191
1.93896
1.95836
1.97003
1.97392
1.97003
1.95836
1.93896
1.91191
1.87731
1.83531
1.78606
1.72976
1.66664
1.59694
1.52093
1.43893
1.35124
1.25822
1.16024
1.05768
0.950944
0.840455
0.726649
0.609975
0.490894
0.369876
0.247398
0.123944
0
