0.628319
0.627079
0.623364
0.617189
0.608579
0.597566
0.584196
0.56852
0.5506
0.530507
0.50832
0.484128
0.458024
0.430114
0.400505
0.369316
0.33667
0.302695
0.267525
0.231299
0.194161
0.156256
0.117735
0.0787492
0.0394524
-3.17502e-16
-0.0394524
-0.0787492
-0.117735
-0.156256
-0.194161
-0.231299
-0.267525
-0.302695
-0.33667
-0.369316
-0.400505
-0.430114
-0.458024
-0.484128
-0.50832
-0.530507
-0.5506
-0.56852
-0.584196
-0.597566
-0.608579
-0.617189
-0.623364
-0.627079
-0.628319
-0.627079
-0.623364
-0.617189
-0.608579
-0.597566
-0.584196
-0.56852
-0.5506
-0.530507
-0.50832
-0.484128
-0.458024
-0.430114
-0.400505
-0.369316
-0.33667
-0.302695
-0.267525
-0.231299
-0.194161
-0.156256
-0.117735
-0.0787492
-0.0394524
1.77522e-15
0.0394524
0.0787492
0.117735
0.156256
0.194161
0.231299
0.267525
0.302695
0.33667
0.369316
0.400505
0.430114
0.458024
0.484128
0.50832
0.530507
0.5506
0.56852
0.584196
0.597566
0.608579
0.617189
0.623364
0.627079
0
