-1.50452e+26
-7.71426e+40
-1.5307e+41
-2.27468e+41
-3.01825e+41
-3.69377e+41
-4.4003e+41
-4.97459e+41
-5.31478e+41
-5.74378e+41
-6.30074e+41
-6.9225e+41
-7.43427e+41
-7.58295e+41
-8.01511e+41
-7.8535e+41
-8.15713e+41
-8.20721e+41
-8.47432e+41
-8.15769e+41
-8.34439e+41
-5.61947e+41
-2.94748e+41
-6.07307e+40
-5.06797e+40
-2.26098e+40
-1.78496e+40
-1.06078e+40
-1.05027e+40
-3.78966e+39
-1.62272e+39
-1.96494e+39
-1.54607e+39
-4.6488e+38
-9.95508e+38
-1.84287e+39
-2.77885e+39
-5.27086e+39
-1.11554e+39
-5.12085e+39
-1.17304e+39
-6.6149e+38
-2.94006e+38
-2.60025e+40
-2.24815e+40
-1.22517e+40
-9.03738e+39
-1.47817e+39
-1.7383e+39
-9.00939e+38
0
1.2186e+37
3.12479e+37
3.58255e+39
4.75471e+39
1.17641e+40
1.89941e+40
5.387e+40
1.73086e+41
1.69598e+41
1.99417e+41
5.10956e+41
7.07956e+41
7.53897e+41
1.14544e+42
1.82343e+42
2.22356e+42
3.23157e+42
3.33675e+42
4.26011e+42
4.48933e+42
6.08846e+42
7.17378e+42
8.14704e+42
8.19559e+42
1.05069e+43
1.04862e+43
1.08226e+43
4.61296e+43
4.5486e+43
4.13077e+43
3.14838e+43
3.14895e+43
2.71192e+43
2.61296e+43
3.02847e+43
2.0511e+43
1.82735e+43
1.60466e+43
1.32555e+43
1.14965e+43
1.04444e+43
1.3342e+43
6.704e+42
5.33467e+42
3.26643e+42
2.15138e+42
5.34627e+42
3.57594e+42
1.88382e+42
0
